3 3 670 799900 0.457598454 0.254079254
3 3 1314 1050000 0.62841266 0.652214452
4 3 1084 1899000 0.416284127 0.5604662
4 4 1686 1690000 0.342836434 0.471701632
2 2 1146 899900 0.484899734 0.641678322
4 5 2216 1288000 0.751389224 0.632354312
2 2 1164 1499900 0.380285093 0.542750583
4 4 2126 1600000 0.59434646 0.428624709
3 6 1243 1280000 0.751389224 0.632354312
2 2 1200 1749000 0.535878231 0.592447552
3 2 1020 999000 0.431746799 0.638041958
3 2 1575 1049999 0.540710317 0.381258741
3 3 941 1081000 0.677941532 0.732307692
4 1 1064 1795000 0.49770476 0.548065268
4 1 1405 1499000 0.269388741 0.428531469
3 2 1479 1050000 0.726987195 0.54965035
4 2 1248 1176000 0.734476927 0.685687646
2 3 1641 1280000 0.179028751 0.386573427
3 1 1192 979000 0.669726987 0.758228438
3 2 1500 1015000 0.637593622 0.624522145
3 2 1000 999990 0.484899734 0.641678322
4 3 1402 953800 0.774824837 0.752261072
5 3 1682 1280000 0.648949022 0.223123543
4 3 1218 1299000 0.522348393 0.45016317
3 3 930 1498000 0.431746799 0.638041958
4 4 1946 1299000 0.718047838 0.786386946
3 3 1150 824900 0.540710317 0.381258741
4 4 1660 1900000 1 0.615944056
3 3 804 957000 0.774824837 0.752261072
3 2 1109 1890000 0.123942981 0.357482517
3 3 1501 799900 0.59434646 0.428624709
4 4 2835 1949000 0.921720222 1
5 4 1639 1788000 0.868567287 0.450815851
3 3 2788 1460000 0.59434646 0.428624709
3 2 680 1649900 0 0
3 2 1972 1498000 0.559797052 0.512261072
3 2 1016 985000 0.445035033 0.481025641
4 6 2456 2000000 0.888137231 0.560652681
6 4 1365 1375000 0.653781107 0.67981352
3 1 1255 900000 0.62841266 0.652214452
4 3 2443 1775000 0.521140372 0.643729604
3 2 1252 1275000 0.422565837 0.524009324
2 2 1050 1306000 0.47499396 0.618181818
3 3 1295 1599000 0.431746799 0.638041958
3 2 1992 1079000 0.718047838 0.786386946
4 2 1700 999000 0.36989611 0.394498834
3 2 1068 1499900 0.389466055 0.458927739
7 5 2084 1500000 0.69944431 0.607832168
4 2 1584 1339000 0.386325199 0.417808858
3 3 857 1895000 0.533220585 0.541072261
3 2 1200 830000 0.734476927 0.685687646
4 4 2316 1199000 0.669726987 0.758228438
4 3 1200 1139000 0.610292341 0.384335664
4 4 1379 1288000 0.734476927 0.685687646
3 3 1340 981000 0.718047838 0.786386946
3 3 1159 851000 0.653781107 0.67981352
2 2 1320 1070000 0.282435371 0.464801865
3 2 1030 1118000 0.484899734 0.641678322
2 1 1000 1025000 0.484899734 0.641678322
3 2 794 1250000 0.431746799 0.638041958
2 2 950 1170000 0.47499396 0.618181818
3 2 2409 1137000 0.677941532 0.732307692
3 4 1405 1101000 0.695820246 0.517296037
3 3 1501 923000 0.577917371 0.686153846
3 2 1027 1401000 0.47499396 0.618181818
3 2 1058 1400004 0.479101232 0.511981352
4 4 1881 1388000 0.751389224 0.632354312
3 2 1466 1102000 0.36989611 0.394498834
3 2 981 1315000 0.431746799 0.638041958
4 5 1514 1505000 0.535395023 0.667132867
3 1 1719 1952000 0.698477893 0.576689977
6 5 2306 1450000 0.702101957 0.649137529
3 2 1440 1927000 0.586856729 0.542750583
3 4 1315 1787000 0.5 0.5
3 2 1168 1831000 0.586856729 0.542750583
3 2 1424 1101500 0.586615124 0.621818182
2 3 2192 2050000 0.386325199 0.417808858
4 4 2136 2760000 0.389466055 0.458927739
3 3 2189 3300000 0.533220585 0.541072261
4 6 3811 3663000 0.586856729 0.542750583
3 4 832 86300 0.790287509 0.669370629
1 1 778 1100000 0.47499396 0.618181818
3 3 1104 975000 0.829669002 0.739300699
5 3 1438 1225000 0.653781107 0.67981352
2 2 1055 1030000 0.484899734 0.641678322
2 1 920 999999 0.431746799 0.638041958
3 2 735 1050000 0.671659821 0.709463869
3 2 883 1200000 0.410485625 0.5002331
4 5 2274.00264 2250000 0.47499396 0.618181818
3 2 928 1305000 0.282435371 0.464801865
3 2 1154 1053000 0.479101232 0.511981352
3 2 1443 1500000 0.429330756 0.54013986
3 2 1197 1500000 0.269388741 0.428531469
3 2 903 1350000 0.399855037 0.614638695
4 3 2352 2700000 0.614641218 0.597482517
3 4 1270 1750000 0.431746799 0.638041958
4 3 2197 1499000 0.386325199 0.417808858
2 2 626 940000 0.282435371 0.464801865
3 2 839 980000 0.702101957 0.649137529
3 3 1294 873000 0.610292341 0.384335664
3 2 1174 980000 0.4943223 0.685501166
3 3 1211 945500 0.535395023 0.667132867
4 5 1571 1365000 0.718047838 0.786386946
3 3 1650 1100000 0.342836434 0.471701632
3 3 1249 1575000 0.479101232 0.511981352
3 3 1346 1238000 0.453732786 0.657995338
3 2 1449 1238888 0.36989611 0.394498834
3 2 1026 1300000 0.484899734 0.641678322
3 5 2335 1250000 0.424257067 0.43972028
4 4 1822 1200000 0.718047838 0.786386946
1 2 568 711500 0.479101232 0.511981352
3 2 1743 955800 0.734476927 0.685687646
3 2 1495 985000 0.637593622 0.624522145
4 3 1720 2541000 0.586856729 0.542750583
4 3 822 818888 0.586615124 0.455198135
4 3 1304 1070000 0.485382943 0.530629371
3 3 1579 2150000 0.326165741 0.444475524
3 1 1051 999999 0.484899734 0.641678322
3 3 1548 973000 0.677941532 0.732307692
3 2 1059 1152000 0.4943223 0.685501166
2 2 1054 999999 0.342836434 0.471701632
3 2 767 1325000 0.36989611 0.394498834
4 1 1295 797500 0.774824837 0.752261072
3 1 1518 1310000 0.386325199 0.417808858
3 2 1377 1620000 0.431746799 0.638041958
3 1 1250 910000 0.586615124 0.455198135
3 2 1009 881000 0.535395023 0.667132867
3 2 1413 875000 0.650398647 0.413333333
4 1 863 722000 0.774824837 0.752261072
3 2 1092 1311000 0.47499396 0.618181818
3 3 1386 939000 0.59434646 0.428624709
4 3 1926 1131000 0.586615124 0.621818182
3 2 1056 1275000 0.431746799 0.638041958
3 2 962 1488000 0.510751389 0.572960373
3 1 1425 1010000 0.36989611 0.394498834
3 1 1335 1580000 0.578642184 0.565314685
5 4 2012 1470000 0.734476927 0.685687646
3 4 1537 1990000 0.47499396 0.618181818
4 2 2068 2800000 0.614641218 0.597482517
4 3 1039 958000 0.790287509 0.669370629
4 2 1634 2027000 0.388016429 0.482051282
2 1 1009 855000 0.489973424 0.479347319
2 1 816 1200000 0.377627446 0.510675991
3 2 1762 1075000 0.69944431 0.607832168
4 3 2047 1550000 0.386325199 0.417808858
3 2 1252 1200000 0.485382943 0.530629371
3 2 961 1307000 0.429330756 0.54013986
4 2 1161 933800 0.75114762 0.598694639
3 2 1416 1227000 0.458323266 0.602331002
3 2 1448 1080000 0.493597487 0.435897436
2 3 1130 1565000 0.399855037 0.614638695
3 2 2527 1320000 0.388016429 0.482051282
5 3 2837 2610000 0.614641218 0.597482517
3 3 1307 1200000 0.489973424 0.479347319
3 2 1509 1365000 0.493597487 0.435897436
3 1 1040 954450 0.540710317 0.381258741
3 2 1251 999900 0.677941532 0.732307692
