4 4 4053 869500 0.068771707 0.306503802
4 3 3343 865200 0.068771707 0.306503802
3 4 3923 889000 0.075777241 0.303100109
5 5 4022 910000 0.081409791 0.311793081
3 4 4116 971226 0.075777241 0.303100109
4 5 4581 1249000 0.075777241 0.303100109
3 4 2544 799000 0.081409791 0.311793081
4 5 5524 1698000 0.075777241 0.303100109
3 4 4229 1749000 0.068771707 0.306503802
4 5 3550 1500000 0.081409791 0.311793081
5 5 4829 519200 0.075777241 0.303100109
4 4 3428 1039000 0.068771707 0.306503802
5 3 5462 799000 0.075777241 0.303100109
4 4 4021 889000 0.075777241 0.303100109
5 5 4406 700000 0.075777241 0.303100109
4 4 3721 500000 0.068771707 0.306503802
5 3 3710 740000 0.080473669 0.30334929
3 4 2748 725000 0.068771707 0.306503802
5 4 4190 1199000 0.068771707 0.306503802
3 3.5 4143 925000 0.075777241 0.303100109
3 3.5 4229 1749000 0.068771707 0.306503802
6 6.5 5963 1595000 0.081409791 0.311793081
3 3 2685 799900 0.068771707 0.306503802
5 5 5677 1375000 0.078883242 0.303749301
4 4.5 4031 1345000 0.081409791 0.311793081
4 4 4954 1290000 0.081409791 0.311793081
4 4.5 3550 962500 0.081409791 0.311793081
5 4.5 4180 875000 0.075777241 0.303100109
4 4 4464 1650000 0.078883242 0.303749301
5 4.5 4829 1199000 0.075777241 0.303100109
5 3 2520 789000 0.199695449 0.047408434
4 3.5 3428 1039000 0.068771707 0.306503802
3 2 1802 365000 0.199695449 0.047408434
3 3.5 2873 1695000 0.081409791 0.311793081
4 4 3260 999000 0.078883242 0.303749301
3 4.5 3893 1294000 0.068771707 0.306503802
5 5.5 3932 1089000 0.081409791 0.311793081
3 3.5 2792 799900 0.068771707 0.306503802
3 4.5 4228 1229000 0.068771707 0.306503802
3 3 2146 455000 0.199695449 0.047408434
4 1 9583 395000 1 0.005055146
5 2 7627 638940 1 0.005055146
3 2 2153 435000 1 0.005055146
3 2.5 2014 528800 1 0.005055146
4 2 1928 350000 0.437675264 0.39378685
3 3 2134 425000 0.437675264 0.39378685
4 3 2504 500000 0.437675264 0.39378685
3 3 2462 589900 0.437675264 0.39378685
4 3 3904 419000 0.413239741 0.414913028
3 2 2034 415000 0.413239741 0.414913028
3 2 1594 214900 0.435200307 0.397753679
4 2 2957 699900 0.437675264 0.39378685
3 3 1894 449000 0.437675264 0.39378685
4 2 2128 249900 0.437675264 0.39378685
5 3 3267 595999 0.437675264 0.39378685
3 3 2836 535000 0.437675264 0.39378685
4 3 2174 439900 0.437675264 0.39378685
3 2 1508 450000 0.437675264 0.39378685
3 2 2288 196000 0.379654372 0.950701631
3 2 1709 104900 0.400053306 0.939686963
3 2.5 1776 209900 0.404350562 0.94007874
5 3.5 4560 520000 0.410847347 0.940338504
4 3 2686 249900 0.410847347 0.940338504
3 2 1201 119000 0.421472771 0.944700908
4 2.5 2850 218000 0.400053306 0.939686963
4 3.5 3768 254900 0.400053306 0.939686963
3 2.5 2750 219500 0.400053306 0.939686963
4 3 2851 186500 0.400053306 0.939686963
4 1.5 1254 94500 0.400053306 0.939686963
4 4.5 3740 339900 0.404893246 0.948761071
3 2.5 3233 259000 0.400053306 0.939686963
3 2 2288 196000 0.379654372 0.950701631
4 3 2256 144900 0.379654372 0.950701631
3 2 2154 349900 0.648107361 0.994625303
4 3.5 2116 229000 0.648107361 0.994625303
3 2 1600 184900 0.379654372 0.950701631
3 2.5 2172 225000 0.648107361 0.994625303
4 2.5 3316 289900 0.644711701 0.994994725
4 2 7841 299000 0.621536158 1
3 2 1200 224900 0.621536158 1
4 2.5 2464 599000 0.011200328 0.164351219
2 2 1845 529800 0.011200328 0.164351219
2 1 1184 397500 0.011200328 0.164351219
4 2.5 3060 699999 0.011200328 0.164351219
3 2.5 2733 689000 0.011200328 0.164351219
3 2 1706 529000 0.011200328 0.164351219
5 4.5 4886 1430000 0.011200328 0.164351219
4 3.5 3029 825000 0.011200328 0.164351219
4 2.5 2620 619000 0.011200328 0.164351219
7 4 2929 625000 0.011200328 0.164351219
4 3.5 3328 1095000 0.011200328 0.164351219
3 2 2250 625000 0.011200328 0.164351219
3 2.5 2836 979000 0.011200328 0.164351219
2 2.5 1499 539000 0.011200328 0.164351219
3 2 960 65000 0.011200328 0.164351219
3 2 2671 521500 0.011200328 0.164351219
5 3 3747 925000 0.011200328 0.164351219
3 2.5 1675 470000 0.011200328 0.164351219
4 2.5 3115 629000 0.199695449 0.047408434
4 3.5 3426 679000 0.011200328 0.164351219
3 2 1288 549000 0.011200328 0.164351219
4 4 4042 769000 0.011200328 0.164351219
2 2 1005 245900 0.011200328 0.164351219
4 2.5 2726 644900 0.011200328 0.164351219
3 3 1937 895000 0.011200328 0.164351219
3 2.5 2445 699000 0.011200328 0.164351219
3 2 1826 529000 0.199695449 0.047408434
4 3.5 1084 875000 0.011200328 0.164351219
4 3 3706 848000 0.011200328 0.164351219
5 4.5 4874 1499000 0.011200328 0.164351219
4 3 3277 669000 0.011200328 0.164351219
3 3.5 4289 1195000 0.011200328 0.164351219
5 3.5 3778 949000 0.011200328 0.164351219
4 3 1613 749900 0.011200328 0.164351219
3 2 1382 429900 0.014686458 0.159557982
3 2.5 3300 935000 0.014686458 0.159557982
4 2 1771 475000 0.014686458 0.159557982
3 2.5 1915 485000 0.014686458 0.159557982
3 2.5 1680 389000 0.014686458 0.159557982
4 2 1696 379000 0.014686458 0.159557982
4 2 2150 578000 0.014686458 0.159557982
3 2 1611 575000 0.014686458 0.159557982
5 3 4200 799000 0.014686458 0.159557982
4 2.5 2319 699800 0.014686458 0.159557982
4 4.5 3885 825500 0.014686458 0.159557982
6 6.5 7000 3850000 0.060210735 0.135468077
4 2.5 6000 869000 0.060210735 0.135468077
2 2.5 915 347000 0.060210735 0.135468077
4 3 2965 1349000 0.060210735 0.135468077
3 3 1825 685000 0.060210735 0.135468077
4 3.5 3100 1499999 0.060210735 0.135468077
3 2 1235 469900 0.060210735 0.135468077
3 2.5 2248 1199000 0.060210735 0.135468077
7 7 3265 1200000 0.060210735 0.135468077
2 1 839 324999 0.060210735 0.135468077
4 3.5 2441 895500 0.060210735 0.135468077
3 3.5 2800 1399999 0.060210735 0.135468077
1 1 800 335000 0.060210735 0.135468077
2 2 1171 389900 0.060210735 0.135468077
2 2 1935 738000 0.060210735 0.135468077
3 2.5 1819 798800 0.060210735 0.135468077
3 2.5 1950 895000 0.060210735 0.135468077
3 2 1303 619000 0.060210735 0.135468077
4 3 2614 1045000 0.060210735 0.135468077
3 2.5 2141 750000 0.060210735 0.135468077
3 2.5 1655 649900 0.060210735 0.135468077
3 2.5 2225 949000 0.060210735 0.135468077
3 2.5 2125 728000 0.060210735 0.135468077
5 3.5 4245 1895000 0.060210735 0.135468077
4 4.5 4038 1795000 0.060210735 0.135468077
5 4 3489 1650000 0.060210735 0.135468077
3 2.5 1808 219800 0.531709104 0
2 2 1056 22000 0.531709104 0
4 2 1881 245000 0.531709104 0
3 1 1132 170000 0.531709104 0
3 2 1372 178000 0.531709104 0
3 2 1560 1795000 0.531709104 0
3 2 1306 239900 0.531709104 0
3 2 1736 239900 0.531709104 0
4 3.5 2900 449900 0.531709104 0
4 2 1768 279900 0.531709104 0
3 2 1008 164000 0.531709104 0
3 2 1696 319500 0.531709104 0
4 2.5 1580 475000 0.367283083 0.034232846
4 3 2462 915000 0.367283083 0.034232846
4 3 3548 824999 0.367283083 0.034232846
4 2.5 2508 699700 0.367283083 0.034232846
4 3 1909 649000 0.367283083 0.034232846
3 2.5 3467 1449000 0.367283083 0.034232846
3 3.5 3172 899900 0.367283083 0.034232846
4 3.5 4838 1999999 0.367283083 0.034232846
4 3 2840 799900 0.367283083 0.034232846
4 3.5 5050 1600000 0.367283083 0.034232846
3 2 1299 739000 0.339579928 0.002929223
2 1 1065 629000 0.339579928 0.002929223
1 1 701 339000 0.339579928 0.002929223
2 2 1313 750000 0.339579928 0.002929223
3 2 2078 888000 0.339579928 0.002929223
3 1.5 1524 749000 0.339579928 0.002929223
3 2 1789 895000 0.339579928 0.002929223
2 1.5 1120 435000 0.339579928 0.002929223
3 2.5 2185 490000 0.339579928 0.002929223
3 1.5 1253 599000 0.339579928 0.002929223
2 1 766 598000 0.339579928 0.002929223
5 3.5 2879 1327685 0.339579928 0.002929223
6 4 3492 1495000 0.339579928 0.002929223
4 3.5 3485 1895000 0.339579928 0.002929223
4 2 1634 899000 0.339579928 0.002929223
4 2.5 2020 825000 0.339579928 0.002929223
3 1.5 1364 729000 0.339579928 0.002929223
4 2.5 2300 1188000 0.339579928 0.002929223
2 2 951 538800 0.339579928 0.002929223
3 2 1490 949000 0.339579928 0.002929223
2 1 834 549000 0.339579928 0.002929223
2 1 805 625000 0.339579928 0.002929223
1 1 766 349000 0.339579928 0.002929223
2 2 994 479000 0.339579928 0.002929223
3 2.5 1665 875000 0.339579928 0.002929223
3 1.5 1581 895000 0.339579928 0.002929223
3 2.5 1652 649000 0.339579928 0.002929223
2 1.5 1056 739000 0.339579928 0.002929223
2 2.5 1772 499000 0.199695449 0.047408434
3 3 2361 988000 0.339579928 0.002929223
3 3.5 2724 1150000 0.339579928 0.002929223
2 1 1110 649000 0.339579928 0.002929223
2 1 1016 679000 0.339579928 0.002929223
3 2 1413 619000 0.339579928 0.002929223
5 4 3743 1295000 0.339579928 0.002929223
3 2 2504 895000 0.339579928 0.002929223
3 3 1864 995888 0.339579928 0.002929223
5 3 3122 899000 0.339579928 0.002929223
3 2.5 1678 668000 0.339579928 0.002929223
2 1 1134 599000 0.339579928 0.002929223
3 1.5 1581 895000 0.339579928 0.002929223
4 2.5 1602 949000 0.339579928 0.002929223
4 3.5 3651 1749000 0.120881195 0.07476767
5 4.5 5000 4000000 0.120881195 0.07476767
3 2 1368 599999 0.120881195 0.07476767
4 2 1426 949000 0.120881195 0.07476767
3 2 1447 1080000 0.120881195 0.07476767
4 2 2304 1495000 0.120881195 0.07476767
2 2 1716 895000 0.128463413 0.075587352
3 2 1796 897000 0.120881195 0.07476767
4 4.5 2844 1595000 0.120881195 0.07476767
3 3.5 1876 1149000 0.120881195 0.07476767
3 2 1475 769000 0.120881195 0.07476767
3 3.5 3136 2150000 0.120881195 0.07476767
5 3 3188 567500 0.085859191 0.138214053
5 5 3701 579000 0.085859191 0.138214053
5 5 4749 749000 0.085859191 0.138214053
5 4 4014 699000 0.085859191 0.138214053
6 4 4311 695000 0.085859191 0.138214053
5 4 2809 635900 0.085859191 0.138214053
6 4 3635 585000 0.085859191 0.138214053
8 6 3849 580000 0.085859191 0.138214053
4 4 3773 579000 0.090244346 0.140563584
4 3 3214 547900 0.085859191 0.138214053
5 3 3677 570000 0.085859191 0.138214053
5 3 3200 568000 0.085859191 0.138214053
5 4 3270 560000 0.085859191 0.138214053
5 5 4074 550000 0.085859191 0.138214053
4 3 2951 549999 0.085859191 0.138214053
5 4 3500 545000 0.085859191 0.138214053
5 3 2622 539900 0.085859191 0.138214053
5 3 3034 539800 0.085859191 0.138214053
6 4 3375 538000 0.085859191 0.138214053
5 3 3340 534977 0.085859191 0.138214053
5 3 3075 534888 0.085859191 0.138214053
5 3 3013 530000 0.085859191 0.138214053
4 3 3000 529900 0.085859191 0.138214053
4 3 3141 529999 0.085859191 0.138214053
4 3 2650 529900 0.085859191 0.138214053
5 3 3054 284900 0.071727804 0.156522349
2 3 1627 550000 0.068948363 0.176891242
1 1 840 303590 0.335807565 0.013542719
3 2.5 2295 1500000 0.095190634 0.115925157
8 6 5900 1350000 0.018652608 0.159878258
4 2 1512 89900 0.279475081 0.075917486
5 3.5 3149 515000 0.085859191 0.138214053
3 3 2100 700200 0.064851418 0.137225883
4 3 2530 1150000 0.248588963 0.021802133
4 3 2287 1695000 0.095133045 0.104083994
2 2 1503 664900 0.064851418 0.137225883
3 2 1209 250000 0.068948363 0.176891242
4 2 2250 310000 0.183466863 0.091112703
6 4 4311 695000 0.085859191 0.138214053
4 4 2460 1550000 0.096810185 0.117497223
5 3 3514 649990 0.085859191 0.138214053
4 3 2257 1299000 0.075092891 0.123207447
4 3 2870 489000 0.085859191 0.138214053
3 1.5 1400 999000 0.30699453 0.012259528
5 3 2533 540000 0.355125151 0.013089793
4 3 3010 490000 0.085859191 0.138214053
3 2.5 1321 360000 0 0.156930942
3 3 1905 448000 0.085859191 0.138214053
6 4 4311 669472 0.085859191 0.138214053
4 3 2825 549900 0.090244346 0.140563584
4 3 2579 520000 0.085859191 0.138214053
4 4 2893 520000 0.085859191 0.138214053
4 3 3099 519900 0.085859191 0.138214053
4 5 3307 519900 0.085859191 0.138214053
3 3 2367 529000 0.085859191 0.138214053
5 4 3972 525000 0.090244346 0.140563584
4 3 3010 525000 0.085859191 0.138214053
5 5 3816 589900 0.085859191 0.138214053
2 2 1152 96900 0.079529046 0.173892519
2 1.5 1800 163000 0.079529046 0.173892519
2 2 2036 175000 0.079529046 0.173892519
2 2 1344 98000 0.079529046 0.173892519
2 1 1100 36000 0.079529046 0.173892519
2 2 1248 115000 0.079529046 0.173892519
2 2 1380 125000 0.079529046 0.173892519
2 2 960 100000 0.079529046 0.173892519
3 2 1368 193000 0.079529046 0.173892519
3 2 2788 385000 0.079529046 0.173892519
5 3.25 3149 515000 0.085859191 0.138214053
4 5 3834 530000 0.085859191 0.138214053
5 3 3767 567000 0.085859191 0.138214053
5 3.5 3149 500000 0.085859191 0.138214053
5 4 3565 537000 0.085859191 0.138214053
6 3.5 3615 647000 0.085859191 0.138214053
5 5 4014 542000 0.085859191 0.138214053
5 5 3834 565000 0.085859191 0.138214053
4 3 3572 535000 0.085859191 0.138214053
4 3 2870 489000 0.085859191 0.138214053
4 3 2570 510000 0.085859191 0.138214053
4 2.5 2285 560000 0.121768229 0.121694096
3 2 2691 675000 0.121768229 0.121694096
3 2.5 2490 450000 0.121768229 0.121694096
3 2 2160 409900 0.121768229 0.121694096
3 2.5 2326 553000 0.121768229 0.121694096
3 2.5 2260 470000 0.121768229 0.121694096
3 1 1337 335000 0.121768229 0.121694096
2 1 884 400000 0.121768229 0.121694096
4 3 2987 615000 0.121768229 0.121694096
3 2 1476 485000 0.121768229 0.121694096
5 3 2983 479000 0.121768229 0.121694096
5 4 3198 695000 0.121768229 0.121694096
3 2 1236 221000 0.121768229 0.121694096
4 2 1797 450000 0.121768229 0.121694096
3 2 1404 195000 0.121768229 0.121694096
3 2 1248 240000 0.121768229 0.121694096
5 3 3167 599900 0.121768229 0.121694096
6 4 3705 765000 0.121768229 0.121694096
4 2.5 2362 539900 0.121768229 0.121694096
4 2 2252 585000 0.121768229 0.121694096
3 2 2752 570000 0.121768229 0.121694096
4 2 2160 384000 0.121768229 0.121694096
3 4 3312 759000 0.121768229 0.121694096
3 2 2315 499000 0.121768229 0.121694096
2 2 1344 154900 0.079529046 0.173892519
2 2 1820 225000 0.079529046 0.173892519
2 2 1152 138500 0.079529046 0.173892519
2 2 1440 97500 0.079529046 0.173892519
2 2 2015 219000 0.079529046 0.173892519
2 2 1248 103500 0.079529046 0.173892519
2 2 1598 136900 0.079529046 0.173892519
2 2 1176 135000 0.079529046 0.173892519
2 2.5 960 135000 0.079529046 0.173892519
3 2 1482 158888 0.079529046 0.173892519
2 2 1152 74900 0.079529046 0.173892519
2 2 1344 69900 0.079529046 0.173892519
3 2 1248 139500 0.079529046 0.173892519
3 2 1478 219900 0.079529046 0.173892519
2 2 1152 99900 0.079529046 0.173892519
2 2 1040 59900 0.079529046 0.173892519
2 2 1000 118900 0.079529046 0.173892519
2 2 1440 106000 0.079529046 0.173892519
2 2 1344 67500 0.079529046 0.173892519
2 2 1640 104950 0.079529046 0.173892519
2 2 1578 97000 0.079529046 0.173892519
2 2 1512 98900 0.079529046 0.173892519
2 2 1152 99900 0.079529046 0.173892519
2 1.5 1056 79900 0.079529046 0.173892519
2 2 1930 164900 0.079529046 0.173892519
2 2 1240 117000 0.079529046 0.173892519
4 2 1866 256000 0.079529046 0.173892519
2 2 960 61000 0.079529046 0.173892519
2 2 1388 167400 0.079529046 0.173892519
2 2 1152 97500 0.079529046 0.173892519
2 1 960 63500 0.079529046 0.173892519
3 2 1200 225000 0.079529046 0.173892519
2 2 1440 77000 0.079529046 0.173892519
2 2 1248 114500 0.079529046 0.173892519
2 2 1152 96500 0.079529046 0.173892519
2 2 960 79900 0.079529046 0.173892519
3 2 1397 248500 0.079529046 0.173892519
2 2 1248 117500 0.079529046 0.173892519
2 2 1248 79900 0.079529046 0.173892519
2 2 1344 84900 0.079529046 0.173892519
2 2 1440 84900 0.079529046 0.173892519
3 2.5 2644 379500 0.079529046 0.173892519
2 2 1020 74900 0.079529046 0.173892519
2 2 1600 147000 0.079529046 0.173892519
2 2 2024 214900 0.079529046 0.173892519
2 1 780 67900 0.079529046 0.173892519
3 2 1397 199000 0.079529046 0.173892519
2 2 1544 124900 0.079529046 0.173892519
2 2 1368 69800 0.079529046 0.173892519
2 2 1624 185000 0.079529046 0.173892519
1 1.5 1440 87500 0.079529046 0.173892519
2 2 1840 160000 0.079529046 0.173892519
3 2 1454 122500 0.079529046 0.173892519
2 2 1040 67900 0.079529046 0.173892519
2 2 1281 139000 0.079529046 0.173892519
2 2 1152 84900 0.079529046 0.173892519
2 2 1152 99000 0.079529046 0.173892519
2 2 1536 69900 0.079529046 0.173892519
2 1 960 49900 0.079529046 0.173892519
2 2 1440 154500 0.079529046 0.173892519
2 2 1344 129900 0.079529046 0.173892519
3 2 1507 235000 0.079529046 0.173892519
3 2 1766 129000 0.079529046 0.173892519
2 2 1440 83900 0.079529046 0.173892519
2 2 1940 129500 0.079529046 0.173892519
3 2 2971 2395000 0.199695449 0.047408434
2 2 1468 125000 0.079529046 0.173892519
2 3 1280 69900 0.079529046 0.173892519
2 2 960 69500 0.079529046 0.173892519
2 2 1640 79500 0.079529046 0.173892519
2 2 1056 68500 0.079529046 0.173892519
2 2 1344 117500 0.079529046 0.173892519
3 2 1806 179000 0.079529046 0.173892519
2 2 1344 89500 0.079529046 0.173892519
2 2 1120 72000 0.079529046 0.173892519
2 2 1344 104900 0.079529046 0.173892519
3 2 1376 174900 0.079529046 0.173892519
3 2 1440 169900 0.079529046 0.173892519
2 2 1486 154000 0.079529046 0.173892519
3 2 1560 189000 0.079529046 0.173892519
2 2 1440 62500 0.079529046 0.173892519
2 2 1722 174500 0.079529046 0.173892519
2 2 1344 139000 0.079529046 0.173892519
2 2 1248 50000 0.079529046 0.173892519
2 2 1440 94900 0.079529046 0.173892519
2 2 1020 42900 0.079529046 0.173892519
2 1 1000 67000 0.079529046 0.173892519
2 2 1440 99900 0.079529046 0.173892519
2 2 1680 69500 0.079529046 0.173892519
2 2 1440 99000 0.079529046 0.173892519
2 2 1440 110000 0.079529046 0.173892519
4 3 2454 5858000 0.121768229 0.121694096
3 2 2346 557000 0.121768229 0.121694096
4 4 3254 674900 0.121768229 0.121694096
3 2 1448 349000 0.121768229 0.121694096
3 2 1734 265000 0.121768229 0.121694096
4 3.5 3381 725000 0.121768229 0.121694096
4 2 2272 559000 0.121768229 0.121694096
3 2 3326 549000 0.121768229 0.121694096
3 2 1508 449000 0.121768229 0.121694096
4 3 3631 699900 0.121768229 0.121694096
3 2.5 2824 569000 0.121768229 0.121694096
4 2 1966 530000 0.121768229 0.121694096
3 2 1387 395000 0.121768229 0.121694096
3 3 2522 705000 0.121768229 0.121694096
3 2 2095 479000 0.121768229 0.121694096
3 2 1932 309900 0.121768229 0.121694096
4 3 3624 698777 0.121768229 0.121694096
3 3 2848 547900 0.121768229 0.121694096
3 2 1152 425000 0.121768229 0.121694096
4 3 1625 639000 0.121768229 0.121694096
4 2 1717 494000 0.121768229 0.121694096
4 4 3220 699000 0.121768229 0.121694096
5 3.5 3342 639000 0.121768229 0.121694096
3 3 2800 630000 0.121768229 0.121694096
3 3 2362 541000 0.121768229 0.121694096
3 2 2061 529000 0.121768229 0.121694096
4 4 3522 680000 0.121768229 0.121694096
2 1 1320 520000 0.121768229 0.121694096
3 3 2356 710000 0.121768229 0.121694096
3 3 2808 599999 0.121768229 0.121694096
2 2 1059 445000 0.121768229 0.121694096
4 3 2774 599500 0.121768229 0.121694096
3 2.5 1991 515000 0.121768229 0.121694096
4 4 3030 759000 0.121768229 0.121694096
4 2 1916 549950 0.121768229 0.121694096
6 5 4090 859000 0.121768229 0.121694096
3 2 1400 139900 0.199695449 0.047408434
3 2 1939 575000 0.199695449 0.047408434
4 3 2118 489900 0.199695449 0.047408434
3 2 1940 530000 0.199695449 0.047408434
10 6 4188 629000 0.199695449 0.047408434
3 1.5 1080 325000 0.199695449 0.047408434
3 2 1170 235000 0.199695449 0.047408434
3 3 2390 769000 0.199695449 0.047408434
3 2 1469 299900 0.199695449 0.047408434
4 3 1496 515000 0.199695449 0.047408434
4 2.5 2699 629000 0.199695449 0.047408434
3 3 2136 689000 0.199695449 0.047408434
5 2 2544 599000 0.199695449 0.047408434
4 3.5 2090 499000 0.199695449 0.047408434
2 2 1248 175000 0.199695449 0.047408434
4 4 4600 1250000 0.199695449 0.047408434
3 2 1712 310000 0.199695449 0.047408434
3 2 1920 625000 0.199695449 0.047408434
3 2 1705 499500 0.199695449 0.047408434
2 2 1742 975000 0.199695449 0.047408434
4 3.5 3101 895000 0.199695449 0.047408434
2 2 1056 179900 0.199695449 0.047408434
2 2 1190 739900 0.199695449 0.047408434
3 2 1410 330000 0.199695449 0.047408434
3 2 1822 510000 0.199695449 0.047408434
3 2 2198 625000 0.199695449 0.047408434
2 2 1088 280000 0.199695449 0.047408434
2 2 1088 265000 0.199695449 0.047408434
6 5.5 5000 2200000 0.199695449 0.047408434
2 2 1088 275000 0.199695449 0.047408434
2 2 900 125000 0.199695449 0.047408434
2 2 1538 699500 0.199695449 0.047408434
3 2 1640 425000 0.199695449 0.047408434
3 2 2108 439000 0.199695449 0.047408434
2 1 854 179000 0.199695449 0.047408434
4 3 2617 579500 0.199695449 0.047408434
6 4.5 4386 759000 0.199695449 0.047408434
3 2 1570 435000 0.199695449 0.047408434
2 2 1257 380000 0.199695449 0.047408434
4 2 2072 429900 0.199695449 0.047408434
2 2 2213 585000 0.199695449 0.047408434
3 2.5 1500 319000 0.199695449 0.047408434
4 4 3000 1495000 0.199695449 0.047408434
3 2 2330 599900 0.199695449 0.047408434
3 2.5 1339 344900 0.199695449 0.047408434
3 2 1472 309995 0.199695449 0.047408434
4 4 2681 572000 0.199695449 0.047408434
3 2.5 1935 695000 0.078461601 0.129394026
3 2 1471 525000 0.078461601 0.129394026
3 2 1248 78000 0.078461601 0.129394026
3 1.5 1214 424900 0.078461601 0.129394026
4 3 1882 825000 0.078461601 0.129394026
2 2.5 987 475000 0.078461601 0.129394026
4 3 1606 850000 0.078461601 0.129394026
3 2.5 1554 409900 0.078461601 0.129394026
3 2.5 1717 540000 0.078461601 0.129394026
4 2 1475 385000 0.351642514 0.017232793
3 2 1052 195000 0.351642514 0.017232793
4 3 2353 458000 0.351642514 0.017232793
4 2.5 2422 468000 0.351642514 0.017232793
3 2.5 2650 458000 0.351642514 0.017232793
4 2.5 1831 389000 0.351642514 0.017232793
4 2 2334 460000 0.351642514 0.017232793
5 3 2179 430000 0.351642514 0.017232793
4 2.5 1662 329900 0.351642514 0.017232793
4 3 1765 349900 0.351642514 0.017232793
3 2 2012 454999 0.351642514 0.017232793
7 4 3871 569950 0.351642514 0.017232793
5 3 3679 525000 0.351642514 0.017232793
4 2.5 1794 380000 0.351642514 0.017232793
4 3.5 3420 550000 0.351642514 0.017232793
4 3 2506 449950 0.351642514 0.017232793
4 2.5 2236 495000 0.351642514 0.017232793
5 2 2066 399900 0.351642514 0.017232793
4 3.5 9536 460000 0.351642514 0.017232793
3 2 2014 407000 0.351642514 0.017232793
4 3 2312 419000 0.351642514 0.017232793
5 3 3796 615000 0.351642514 0.017232793
