3 3 670.00 L6W 799900.00                
3 3 1314.00 M1R 1050000.00                
4 3 1084.00 M5S 1899000.00                
4 4 1686.00 M8Y 1690000.00                
2 2 1146.00 M4C 899900.00                
4 5 2216.00 M1W 1288000.00                
2 2 1164.00 M6J 1499900.00                
4 4 2126.00 M9M 1600000.00                
3 6 1243.00 M1W 1280000.00                
2 2 1200.00 M4G 1749000.00                
3 2 1020.00 M4L 999000.00                
3 2 1575.00 M9W 1049999.00                
3 3 941.00 M1G 1081000.00                
4 1 1064.00 M5P 1795000.00                
4 1 1405.00 M8W 1499000.00                
3 2 1479.00 M2M 1050000.00                
4 2 1248.00 M1S 1176000.00                
2 3 1641.00 L5G 1280000.00                
3 1 1192.00 M1E 979000.00                
3 2 1500.00 M3A 1015000.00                
3 2 1000.00 M4C 999990.00                
4 3 1402.00 M1B 953800.00                
5 3 1682.00 L6R 1280000.00                
4 3 1218.00 M9N 1299000.00                
3 3 930.00 M4L 1498000.00                
4 4 1946.00 M1C 1299000.00                
3 3 1150.00 M9W 824900.00                
4 4 1660.00 L6C 1900000.00                
3 3 804.00 M1B 957000.00                
3 2 1109.00 L5H 1890000.00                
3 3 1501.00 M9M 799900.00                
4 4 2835.00 L1N 1949000.00                
5 4 1639.00 L6A 1788000.00                
3 3 2788.00 M9M 1460000.00                
3 2 680.00 L0P 1649900.00                
3 2 1972.00 M6A 1498000.00                
3 2 1016.00 M6N 985000.00                
4 6 2456.00 L4B 2000000.00                
6 4 1365.00 M1P 1375000.00                
3 1 1255.00 M1R 900000.00                
4 3 2443.00 M4B 1775000.00                
3 2 1252.00 M6H 1275000.00                
2 2 1050.00 M4J 1306000.00                
3 3 1295.00 M4L 1599000.00                
3 2 1992.00 M1C 1079000.00                
4 2 1700.00 M9C 999000.00                
3 2 1068.00 M8X 1499900.00                
7 5 2084.00 M2J 1500000.00                
4 2 1584.00 M9B 1339000.00                
3 3 857.00 M5N 1895000.00                
3 2 1200.00 M1S 830000.00                
4 4 2316.00 M1E 1199000.00                
4 3 1200.00 M9V 1139000.00                
4 4 1379.00 M1S 1288000.00                
3 3 1340.00 M1C 981000.00                
3 3 1159.00 M1P 851000.00                
2 2 1320.00 M8V 1070000.00                
3 2 1030.00 M4C 1118000.00                
2 1 1000.00 M4C 1025000.00                
3 2 794.00 M4L 1250000.00                
2 2 950.00 M4J 1170000.00                
3 2 2409.00 M1G 1137000.00                
3 4 1405.00 M2R 1101000.00                
3 3 1501.00 M1K 923000.00                
3 2 1027.00 M4J 1401000.00                
3 2 1058.00 M6E 1400004.00                
4 4 1881.00 M1W 1388000.00                
3 2 1466.00 M9C 1102000.00                
3 2 981.00 M4L 1315000.00                
4 5 1514.00 M1L 1505000.00                
3 1 1719.00 M2K 1952000.00                
6 5 2306.00 M1T 1450000.00                
3 2 1440.00 M5M 1927000.00                
3 4 1315.00 M4R  1787000.00                
3 2 1168.00 M5M 1831000.00                
3 2 1424.00 M3C 1101500.00                
2 3 2192.00 M9B 2050000.00                
4 4 2136.00 M8X 2760000.00                
3 3 2189.00 M5N 3300000.00                
4 6 3811.00 M5M 3663000.00                
3 4 832.00 M1V 86300.00                
1 1 778.00 M4J 1100000.00                
3 3 1104.00 M1X 975000.00                
5 3 1438.00 M1P 1225000.00                
2 2 1055.00 M4C 1030000.00                
2 1 920.00 M4L 999999.00                
3 2 735.00 M1H 1050000.00                
3 2 883.00 M6P 1200000.00                
4 5 2274.00 M4J 2250000.00                
3 2 928.00 M8V 1305000.00                
3 2 1154.00 M6E 1053000.00                
3 2 1443.00 M6G 1500000.00                
3 2 1197.00 M8W 1500000.00                
3 2 903.00 M4M 1350000.00                
4 3 2352.00 M3B 2700000.00                
3 4 1270.00 M4L 1750000.00                
4 3 2197.00 M9B 1499000.00                
2 2 626.00 M8V 940000.00                
3 2 839.00 M1T 980000.00                
3 3 1294.00 M9V 873000.00                
3 2 1174.00 M1N 980000.00                
3 3 1211.00 M1L 945500.00                
4 5 1571.00 M1C 1365000.00                
3 3 1650.00 M8Y 1100000.00                
3 3 1249.00 M6E 1575000.00                
3 3 1346.00 M4E 1238000.00                
3 2 1449.00 M9C 1238888.00                
3 2 1026.00 M4C 1300000.00                
3 5 2335.00 M9A 1250000.00                
4 4 1822.00 M1C 1200000.00                
1 2 568.00 M6E 711500.00                
3 2 1743.00 M1S 955800.00                
3 2 1495.00 M3A 985000.00                
4 3 1720.00 M5M 2541000.00                
4 3 822.00 M3L 818888.00                
4 3 1304.00 M6C 1070000.00                
3 3 1579.00 M8Z 2150000.00                
3 1 1051.00 M4C 999999.00                
3 3 1548.00 M1G 973000.00                
3 2 1059.00 M1N 1152000.00                
2 2 1054.00 M8Y 999999.00                
3 2 767.00 M9C 1325000.00                
4 1 1295.00 M1B 797500.00                
3 1 1518.00 M9B 1310000.00                
3 2 1377.00 M4L 1620000.00                
3 1 1250.00 M3L 910000.00                
3 2 1009.00 M1L 881000.00                
3 2 1413.00 M9L 875000.00                
4 1 863.00 M1B 722000.00                
3 2 1092.00 M4J 1311000.00                
3 3 1386.00 M9M 939000.00                
4 3 1926.00 M3C 1131000.00                
3 2 1056.00 M4L 1275000.00                
3 2 962.00 M4S 1488000.00                
3 1 1425.00 M9C 1010000.00                
3 1 1335.00 M4N 1580000.00                
5 4 2012.00 M1S 1470000.00                
3 4 1537.00 M4J 1990000.00                
4 2 2068.00 M3B 2800000.00                
4 3 1039.00 M1V 958000.00                
4 2 1634.00 M6S 2027000.00                
2 1 1009.00 M6M 855000.00                
2 1 816.00 M6R 1200000.00                
3 2 1762.00 M2J 1075000.00                
4 3 2047.00 M9B 1550000.00                
3 2 1252.00 M6C 1200000.00                
3 2 961.00 M6G 1307000.00                
4 2 1161.00 M2H 933800.00                
3 2 1416.00 M4K 1227000.00                
3 2 1448.00 M9P 1080000.00                
2 3 1130.00 M4M 1565000.00                
3 2 2527.00 M6S 1320000.00                
5 3 2837.00 M3B 2610000.00                
3 3 1307.00 M6M 1200000.00                
3 2 1509.00 M9P 1365000.00                
3 1 1040.00 M9W 954450.00                
3 2 1251.00 M1G 999900.00                